crossing time (s)	slope (V/s)	crossing number
281474976710655.000000	58.525143	5578	0.000000
281474976710655.000000	92.185493	5579	0.000000
281474976710655.000000	39.420841	5580	0.000000
281474976710655.000000	59.667358	5581	0.000000
281474976710655.000000	63.462227	5582	0.000000
281474976710655.000000	45.414429	5583	0.000000
281474976710655.000000	92.159119	5584	0.000000
281474976710655.000000	59.143780	5585	0.000000
281474976710655.000000	62.819939	5586	0.000000
281474976710655.000000	90.068588	5587	0.000000
281474976710655.000000	58.879990	5588	0.000000
281474976710655.000000	44.939175	5589	0.000000
281474976710655.000000	78.631027	5590	0.000000
281474976710655.000000	58.212341	5591	0.000000
281474976710655.000000	45.482491	5592	0.000000
281474976710655.000000	91.836960	5593	0.000000
281474976710655.000000	89.801552	5594	0.000000
281474976710655.000000	57.951180	5595	0.000000
281474976710655.000000	48.839962	5596	0.000000
281474976710655.000000	56.568314	5597	0.000000
281474976710655.000000	58.009674	5598	0.000000
281474976710655.000000	64.322128	5599	0.000000
281474976710655.000000	38.750042	5600	0.000000
281474976710655.000000	58.348141	5601	0.000000
281474976710655.000000	63.806046	5602	0.000000
281474976710655.000000	57.750046	5603	0.000000
281474976710655.000000	64.354965	5604	0.000000
281474976710655.000000	52.642925	5605	0.000000
281474976710655.000000	57.715019	5606	0.000000
281474976710655.000000	37.808270	5607	0.000000
281474976710655.000000	47.085163	5608	0.000000
281474976710655.000000	57.772243	5609	0.000000
281474976710655.000000	57.533215	5610	0.000000
281474976710655.000000	57.151123	5611	0.000000
281474976710655.000000	37.802834	5612	0.000000
281474976710655.000000	56.515869	5613	0.000000
281474976710655.000000	55.100628	5614	0.000000
281474976710655.000000	56.441216	5615	0.000000
281474976710655.000000	61.586964	5616	0.000000
281474976710655.000000	56.062386	5617	0.000000
281474976710655.000000	59.845360	5618	0.000000
281474976710655.000000	43.521198	5619	0.000000
281474976710655.000000	86.559067	5620	0.000000
281474976710655.000000	43.512920	5621	0.000000
281474976710655.000000	56.710991	5622	0.000000
281474976710655.000000	61.721359	5623	0.000000
281474976710655.000000	55.293060	5624	0.000000
281474976710655.000000	43.943398	5625	0.000000
281474976710655.000000	60.480690	5626	0.000000
281474976710655.000000	37.657368	5627	0.000000
281474976710655.000000	75.504463	5628	0.000000
281474976710655.000000	62.103329	5629	0.000000
281474976710655.000000	53.722481	5630	0.000000
281474976710655.000000	54.793510	5631	0.000000
281474976710655.000000	55.607048	5632	0.000000
281474976710655.000000	43.328735	5633	0.000000
281474976710655.000000	74.807396	5634	0.000000
281474976710655.000000	42.227547	5635	0.000000
281474976710655.000000	55.547348	5636	0.000000
281474976710655.000000	55.962040	5637	0.000000
281474976710655.000000	55.819160	5638	0.000000
281474976710655.000000	85.277321	5639	0.000000
281474976710655.000000	54.976173	5640	0.000000
281474976710655.000000	42.590981	5641	0.000000
281474976710655.000000	55.689171	5642	0.000000
281474976710655.000000	55.068436	5643	0.000000
281474976710655.000000	85.634575	5644	0.000000
281474976710655.000000	42.127949	5645	0.000000
281474976710655.000000	42.449947	5646	0.000000
281474976710655.000000	75.035553	5647	0.000000
281474976710655.000000	42.214615	5648	0.000000
281474976710655.000000	54.841255	5649	0.000000
281474976710655.000000	73.466797	5650	0.000000
281474976710655.000000	54.817909	5651	0.000000
281474976710655.000000	73.549232	5652	0.000000
281474976710655.000000	41.864845	5653	0.000000
281474976710655.000000	36.265293	5654	0.000000
281474976710655.000000	42.138546	5655	0.000000
281474976710655.000000	41.711948	5656	0.000000
281474976710655.000000	59.046318	5657	0.000000
281474976710655.000000	53.642155	5658	0.000000
281474976710655.000000	54.597363	5659	0.000000
281474976710655.000000	72.769608	5660	0.000000
281474976710655.000000	41.394894	5661	0.000000
281474976710655.000000	60.108807	5662	0.000000
281474976710655.000000	41.607929	5663	0.000000
281474976710655.000000	41.666183	5664	0.000000
281474976710655.000000	57.399029	5665	0.000000
281474976710655.000000	59.865280	5666	0.000000
281474976710655.000000	53.235252	5667	0.000000
281474976710655.000000	44.308323	5668	0.000000
281474976710655.000000	51.797199	5669	0.000000
281474976710655.000000	53.779812	5670	0.000000
281474976710655.000000	53.252129	5671	0.000000
281474976710655.000000	57.516228	5672	0.000000
281474976710655.000000	53.066132	5673	0.000000
281474976710655.000000	72.237793	5674	0.000000
281474976710655.000000	53.179752	5675	0.000000
281474976710655.000000	52.409653	5676	0.000000
281474976710655.000000	83.305954	5677	0.000000
281474976710655.000000	40.816387	5678	0.000000
281474976710655.000000	52.890057	5679	0.000000
281474976710655.000000	52.548996	5680	0.000000
281474976710655.000000	35.456249	5681	0.000000
281474976710655.000000	43.483681	5682	0.000000
281474976710655.000000	52.994015	5683	0.000000
281474976710655.000000	40.797989	5684	0.000000
281474976710655.000000	51.308586	5685	0.000000
281474976710655.000000	58.649368	5686	0.000000
281474976710655.000000	35.277870	5687	0.000000
281474976710655.000000	40.610363	5688	0.000000
281474976710655.000000	51.596046	5689	0.000000
281474976710655.000000	52.060394	5690	0.000000
281474976710655.000000	51.050865	5691	0.000000
281474976710655.000000	52.436569	5692	0.000000
281474976710655.000000	42.912197	5693	0.000000
281474976710655.000000	43.334080	5694	0.000000
281474976710655.000000	40.461929	5695	0.000000
281474976710655.000000	51.765980	5696	0.000000
281474976710655.000000	58.152653	5697	0.000000
281474976710655.000000	51.773357	5698	0.000000
281474976710655.000000	43.528309	5699	0.000000
281474976710655.000000	50.758350	5700	0.000000
281474976710655.000000	50.723145	5701	0.000000
281474976710655.000000	39.566902	5702	0.000000
281474976710655.000000	51.694382	5703	0.000000
281474976710655.000000	68.330849	5704	0.000000
281474976710655.000000	52.014580	5705	0.000000
281474976710655.000000	39.285248	5706	0.000000
281474976710655.000000	50.283779	5707	0.000000
281474976710655.000000	49.068790	5708	0.000000
281474976710655.000000	50.945316	5709	0.000000
281474976710655.000000	39.282917	5710	0.000000
281474976710655.000000	43.106052	5711	0.000000
281474976710655.000000	42.080055	5712	0.000000
281474976710655.000000	57.385975	5713	0.000000
281474976710655.000000	56.823380	5714	0.000000
281474976710655.000000	51.326286	5715	0.000000
281474976710655.000000	68.530876	5716	0.000000
281474976710655.000000	49.524872	5717	0.000000
281474976710655.000000	41.903980	5718	0.000000
281474976710655.000000	39.101891	5719	0.000000
281474976710655.000000	39.032890	5720	0.000000
281474976710655.000000	51.203083	5721	0.000000
281474976710655.000000	50.610573	5722	0.000000
281474976710655.000000	50.838848	5723	0.000000
281474976710655.000000	38.459599	5724	0.000000
281474976710655.000000	50.331219	5725	0.000000
281474976710655.000000	50.187042	5726	0.000000
281474976710655.000000	48.771168	5727	0.000000
281474976710655.000000	67.391373	5728	0.000000
281474976710655.000000	38.522991	5729	0.000000
281474976710655.000000	48.408936	5730	0.000000
281474976710655.000000	50.516975	5731	0.000000
281474976710655.000000	33.167976	5732	0.000000
281474976710655.000000	43.557083	5733	0.000000
281474976710655.000000	66.145958	5734	0.000000
281474976710655.000000	50.255360	5735	0.000000
281474976710655.000000	78.367638	5736	0.000000
281474976710655.000000	67.969902	5737	0.000000
281474976710655.000000	49.658417	5738	0.000000
281474976710655.000000	41.187599	5739	0.000000
281474976710655.000000	40.955555	5740	0.000000
281474976710655.000000	67.094437	5741	0.000000
281474976710655.000000	47.610378	5742	0.000000
281474976710655.000000	67.264275	5743	0.000000
281474976710655.000000	41.199234	5744	0.000000
281474976710655.000000	47.289379	5745	0.000000
281474976710655.000000	48.582996	5746	0.000000
281474976710655.000000	47.440315	5747	0.000000
281474976710655.000000	61.093803	5748	0.000000
281474976710655.000000	49.076859	5749	0.000000
281474976710655.000000	47.176418	5750	0.000000
281474976710655.000000	40.829853	5751	0.000000
281474976710655.000000	40.547432	5752	0.000000
281474976710655.000000	50.095795	5753	0.000000
281474976710655.000000	53.915398	5754	0.000000
281474976710655.000000	48.611115	5755	0.000000
281474976710655.000000	48.612419	5756	0.000000
281474976710655.000000	66.236786	5757	0.000000
281474976710655.000000	48.037796	5758	0.000000
281474976710655.000000	40.724224	5759	0.000000
281474976710655.000000	45.870136	5760	0.000000
281474976710655.000000	47.517879	5761	0.000000
281474976710655.000000	40.103962	5762	0.000000
281474976710655.000000	48.953465	5763	0.000000
281474976710655.000000	37.091328	5764	0.000000
281474976710655.000000	39.840191	5765	0.000000
281474976710655.000000	49.163956	5766	0.000000
281474976710655.000000	37.147858	5767	0.000000
281474976710655.000000	48.094200	5768	0.000000
281474976710655.000000	48.142921	5769	0.000000
281474976710655.000000	39.853928	5770	0.000000
281474976710655.000000	49.224792	5771	0.000000
281474976710655.000000	45.226376	5772	0.000000
281474976710655.000000	53.413403	5773	0.000000
281474976710655.000000	52.544811	5774	0.000000
281474976710655.000000	45.861568	5775	0.000000
281474976710655.000000	44.843739	5776	0.000000
281474976710655.000000	47.738277	5777	0.000000
281474976710655.000000	58.634212	5778	0.000000
281474976710655.000000	63.957264	5779	0.000000
281474976710655.000000	40.985645	5780	0.000000
281474976710655.000000	36.118526	5781	0.000000
281474976710655.000000	62.994698	5782	0.000000
281474976710655.000000	42.743614	5783	0.000000
281474976710655.000000	45.125229	5784	0.000000
281474976710655.000000	63.729065	5785	0.000000
281474976710655.000000	46.464771	5786	0.000000
281474976710655.000000	46.659779	5787	0.000000
281474976710655.000000	31.075331	5788	0.000000
281474976710655.000000	46.670132	5789	0.000000
281474976710655.000000	62.595146	5790	0.000000
281474976710655.000000	46.231853	5791	0.000000
281474976710655.000000	51.706951	5792	0.000000
281474976710655.000000	46.421925	5793	0.000000
281474976710655.000000	45.305359	5794	0.000000
281474976710655.000000	52.128738	5795	0.000000
281474976710655.000000	45.495346	5796	0.000000
281474976710655.000000	46.374268	5797	0.000000
281474976710655.000000	45.458904	5798	0.000000
281474976710655.000000	47.800098	5799	0.000000
281474976710655.000000	45.207741	5800	0.000000
281474976710655.000000	46.332520	5801	0.000000
281474976710655.000000	39.742043	5802	0.000000
281474976710655.000000	57.236271	5803	0.000000
281474976710655.000000	45.727821	5804	0.000000
281474976710655.000000	45.655880	5805	0.000000
281474976710655.000000	42.775997	5806	0.000000
281474976710655.000000	37.972065	5807	0.000000
281474976710655.000000	46.658829	5808	0.000000
281474976710655.000000	50.571552	5809	0.000000
281474976710655.000000	37.715809	5810	0.000000
281474976710655.000000	45.595985	5811	0.000000
281474976710655.000000	45.182774	5812	0.000000
281474976710655.000000	45.098309	5813	0.000000
281474976710655.000000	45.138893	5814	0.000000
281474976710655.000000	43.295681	5815	0.000000
281474976710655.000000	42.717476	5816	0.000000
281474976710655.000000	45.266212	5817	0.000000
281474976710655.000000	45.756668	5818	0.000000
281474976710655.000000	44.631649	5819	0.000000
281474976710655.000000	34.390934	5820	0.000000
281474976710655.000000	44.874493	5821	0.000000
281474976710655.000000	44.315853	5822	0.000000
281474976710655.000000	37.570633	5823	0.000000
281474976710655.000000	49.342995	5824	0.000000
281474976710655.000000	54.971783	5825	0.000000
281474976710655.000000	44.011364	5826	0.000000
281474976710655.000000	43.533859	5827	0.000000
281474976710655.000000	43.901127	5828	0.000000
281474976710655.000000	44.533768	5829	0.000000
281474976710655.000000	43.589550	5830	0.000000
281474976710655.000000	44.242363	5831	0.000000
281474976710655.000000	41.886822	5832	0.000000
281474976710655.000000	36.888058	5833	0.000000
281474976710655.000000	44.893173	5834	0.000000
281474976710655.000000	36.891884	5835	0.000000
281474976710655.000000	33.373230	5836	0.000000
281474976710655.000000	49.250618	5837	0.000000
281474976710655.000000	43.588150	5838	0.000000
281474976710655.000000	38.322098	5839	0.000000
281474976710655.000000	43.146664	5840	0.000000
281474976710655.000000	41.433601	5841	0.000000
281474976710655.000000	36.089870	5842	0.000000
281474976710655.000000	48.718590	5843	0.000000
281474976710655.000000	40.876308	5844	0.000000
281474976710655.000000	43.479401	5845	0.000000
281474976710655.000000	35.913361	5846	0.000000
281474976710655.000000	41.788345	5847	0.000000
281474976710655.000000	33.381081	5848	0.000000
281474976710655.000000	44.475590	5849	0.000000
281474976710655.000000	43.002647	5850	0.000000
281474976710655.000000	43.267982	5851	0.000000
281474976710655.000000	42.595268	5852	0.000000
281474976710655.000000	41.133564	5853	0.000000
281474976710655.000000	47.666767	5854	0.000000
281474976710655.000000	40.624790	5855	0.000000
281474976710655.000000	37.369518	5856	0.000000
281474976710655.000000	43.142620	5857	0.000000
281474976710655.000000	37.476200	5858	0.000000
281474976710655.000000	35.601505	5859	0.000000
281474976710655.000000	43.422043	5860	0.000000
281474976710655.000000	34.842045	5861	0.000000
281474976710655.000000	42.519672	5862	0.000000
281474976710655.000000	43.681995	5863	0.000000
281474976710655.000000	42.080753	5864	0.000000
281474976710655.000000	40.010300	5865	0.000000
281474976710655.000000	39.515388	5866	0.000000
281474976710655.000000	34.634922	5867	0.000000
281474976710655.000000	39.704372	5868	0.000000
281474976710655.000000	41.911198	5869	0.000000
281474976710655.000000	36.192406	5870	0.000000
281474976710655.000000	46.304543	5871	0.000000
281474976710655.000000	41.662552	5872	0.000000
281474976710655.000000	34.651333	5873	0.000000
281474976710655.000000	34.571323	5874	0.000000
281474976710655.000000	40.296906	5875	0.000000
281474976710655.000000	40.994961	5876	0.000000
281474976710655.000000	42.714653	5877	0.000000
281474976710655.000000	39.164028	5878	0.000000
281474976710655.000000	41.397625	5879	0.000000
281474976710655.000000	43.292637	5880	0.000000
281474976710655.000000	41.048866	5881	0.000000
281474976710655.000000	34.107815	5882	0.000000
281474976710655.000000	35.993622	5883	0.000000
281474976710655.000000	42.334797	5884	0.000000
281474976710655.000000	40.774956	5885	0.000000
281474976710655.000000	41.845631	5886	0.000000
281474976710655.000000	40.721310	5887	0.000000
281474976710655.000000	42.381168	5888	0.000000
281474976710655.000000	45.251461	5889	0.000000
281474976710655.000000	40.822292	5890	0.000000
281474976710655.000000	38.884960	5891	0.000000
281474976710655.000000	32.505260	5892	0.000000
281474976710655.000000	41.042019	5893	0.000000
281474976710655.000000	38.718937	5894	0.000000
281474976710655.000000	35.574863	5895	0.000000
281474976710655.000000	38.209690	5896	0.000000
281474976710655.000000	38.357372	5897	0.000000
281474976710655.000000	40.486744	5898	0.000000
281474976710655.000000	49.933369	5899	0.000000
281474976710655.000000	40.413094	5900	0.000000
281474976710655.000000	47.192635	5901	0.000000
281474976710655.000000	40.458759	5902	0.000000
281474976710655.000000	40.561966	5903	0.000000
281474976710655.000000	33.200615	5904	0.000000
281474976710655.000000	41.578259	5905	0.000000
281474976710655.000000	32.729771	5906	0.000000
281474976710655.000000	33.007923	5907	0.000000
281474976710655.000000	43.503468	5908	0.000000
281474976710655.000000	33.364052	5909	0.000000
281474976710655.000000	32.874397	5910	0.000000
281474976710655.000000	37.648605	5911	0.000000
281474976710655.000000	38.891258	5912	0.000000
281474976710655.000000	49.604561	5913	0.000000
281474976710655.000000	36.990520	5914	0.000000
281474976710655.000000	44.263779	5915	0.000000
281474976710655.000000	33.812374	5916	0.000000
281474976710655.000000	43.927933	5917	0.000000
281474976710655.000000	38.940353	5918	0.000000
281474976710655.000000	35.637272	5919	0.000000
281474976710655.000000	38.546852	5920	0.000000
281474976710655.000000	40.525352	5921	0.000000
281474976710655.000000	36.159512	5922	0.000000
281474976710655.000000	34.174820	5923	0.000000
281474976710655.000000	47.495770	5924	0.000000
281474976710655.000000	34.403423	5925	0.000000
281474976710655.000000	36.448959	5926	0.000000
281474976710655.000000	38.871681	5927	0.000000
281474976710655.000000	38.217888	5928	0.000000
281474976710655.000000	34.104420	5929	0.000000
281474976710655.000000	31.924580	5930	0.000000
281474976710655.000000	38.433689	5931	0.000000
281474976710655.000000	34.625835	5932	0.000000
281474976710655.000000	40.715088	5933	0.000000
281474976710655.000000	38.037598	5934	0.000000
281474976710655.000000	38.446625	5935	0.000000
281474976710655.000000	38.129791	5936	0.000000
281474976710655.000000	37.988785	5937	0.000000
281474976710655.000000	37.934246	5938	0.000000
281474976710655.000000	38.495495	5939	0.000000
281474976710655.000000	37.528732	5940	0.000000
281474976710655.000000	37.795609	5941	0.000000
281474976710655.000000	37.806881	5942	0.000000
281474976710655.000000	44.241997	5943	0.000000
281474976710655.000000	32.739624	5944	0.000000
281474976710655.000000	38.132805	5945	0.000000
281474976710655.000000	33.859035	5946	0.000000
281474976710655.000000	39.155861	5947	0.000000
281474976710655.000000	37.721966	5948	0.000000
281474976710655.000000	37.550266	5949	0.000000
281474976710655.000000	31.112564	5950	0.000000
281474976710655.000000	37.327576	5951	0.000000
281474976710655.000000	35.897907	5952	0.000000
281474976710655.000000	37.166130	5953	0.000000
281474976710655.000000	36.948509	5954	0.000000
281474976710655.000000	34.973976	5955	0.000000
281474976710655.000000	32.880962	5956	0.000000
281474976710655.000000	35.355289	5957	0.000000
281474976710655.000000	32.127663	5958	0.000000
281474976710655.000000	43.067776	5959	0.000000
281474976710655.000000	34.713024	5960	0.000000
281474976710655.000000	40.209095	5961	0.000000
281474976710655.000000	43.283684	5962	0.000000
281474976710655.000000	36.696198	5963	0.000000
281474976710655.000000	36.718220	5964	0.000000
281474976710655.000000	38.037991	5965	0.000000
281474976710655.000000	36.481808	5966	0.000000
281474976710655.000000	33.181019	5967	0.000000
281474976710655.000000	32.167877	5968	0.000000
281474976710655.000000	36.542084	5969	0.000000
281474976710655.000000	32.312492	5970	0.000000
281474976710655.000000	34.935944	5971	0.000000
281474976710655.000000	36.752453	5972	0.000000
281474976710655.000000	39.469589	5973	0.000000
281474976710655.000000	31.834044	5974	0.000000
281474976710655.000000	32.420139	5975	0.000000
281474976710655.000000	37.696514	5976	0.000000
281474976710655.000000	38.093876	5977	0.000000
281474976710655.000000	37.601044	5978	0.000000
281474976710655.000000	35.969269	5979	0.000000
281474976710655.000000	36.061436	5980	0.000000
281474976710655.000000	39.761520	5981	0.000000
281474976710655.000000	30.008688	5982	0.000000
281474976710655.000000	42.509365	5983	0.000000
281474976710655.000000	32.148136	5984	0.000000
281474976710655.000000	31.218529	5985	0.000000
281474976710655.000000	33.634212	5986	0.000000
281474976710655.000000	39.156700	5987	0.000000
281474976710655.000000	38.855965	5988	0.000000
281474976710655.000000	39.585838	5989	0.000000
281474976710655.000000	35.226540	5990	0.000000
281474976710655.000000	39.132168	5991	0.000000
281474976710655.000000	34.911205	5992	0.000000
281474976710655.000000	39.298561	5993	0.000000
281474976710655.000000	30.738388	5994	0.000000
281474976710655.000000	31.259556	5995	0.000000
281474976710655.000000	34.942249	5996	0.000000
281474976710655.000000	32.131081	5997	0.000000
281474976710655.000000	34.787041	5998	0.000000
281474976710655.000000	33.545490	5999	0.000000
281474976710655.000000	40.662483	6000	0.000000
281474976710655.000000	33.368889	6001	0.000000
281474976710655.000000	32.625908	6002	0.000000
281474976710655.000000	41.458477	6003	0.000000
281474976710655.000000	33.103111	6004	0.000000
281474976710655.000000	33.350052	6005	0.000000
281474976710655.000000	38.092747	6006	0.000000
281474976710655.000000	33.272663	6007	0.000000
281474976710655.000000	36.068523	6008	0.000000
281474976710655.000000	39.149132	6009	0.000000
281474976710655.000000	27.887678	6010	0.000000
281474976710655.000000	34.687408	6011	0.000000
281474976710655.000000	34.409889	6012	0.000000
281474976710655.000000	38.149990	6013	0.000000
281474976710655.000000	32.486080	6014	0.000000
281474976710655.000000	34.422699	6015	0.000000
281474976710655.000000	30.220022	6016	0.000000
281474976710655.000000	31.790367	6017	0.000000
281474976710655.000000	34.105106	6018	0.000000
281474976710655.000000	30.971342	6019	0.000000
281474976710655.000000	31.636606	6020	0.000000
281474976710655.000000	34.269844	6021	0.000000
281474976710655.000000	36.538521	6022	0.000000
281474976710655.000000	32.309349	6023	0.000000
281474976710655.000000	36.014446	6024	0.000000
281474976710655.000000	37.743855	6025	0.000000
281474976710655.000000	30.758530	6026	0.000000
281474976710655.000000	32.450207	6027	0.000000
281474976710655.000000	27.862610	6028	0.000000
281474976710655.000000	31.813915	6029	0.000000
281474976710655.000000	35.200394	6030	0.000000
281474976710655.000000	29.767807	6031	0.000000
281474976710655.000000	36.626945	6032	0.000000
281474976710655.000000	35.194893	6033	0.000000
281474976710655.000000	36.340771	6034	0.000000
281474976710655.000000	33.858253	6035	0.000000
281474976710655.000000	39.320236	6036	0.000000
281474976710655.000000	33.464909	6037	0.000000
281474976710655.000000	29.324486	6038	0.000000
281474976710655.000000	34.831779	6039	0.000000
281474976710655.000000	30.821003	6040	0.000000
281474976710655.000000	39.124210	6041	0.000000
281474976710655.000000	33.361347	6042	0.000000
281474976710655.000000	32.792088	6043	0.000000
281474976710655.000000	32.897167	6044	0.000000
281474976710655.000000	32.459778	6045	0.000000
281474976710655.000000	34.182789	6046	0.000000
281474976710655.000000	33.459381	6047	0.000000
281474976710655.000000	27.691164	6048	0.000000
281474976710655.000000	32.914532	6049	0.000000
281474976710655.000000	33.135155	6050	0.000000
281474976710655.000000	31.335545	6051	0.000000
281474976710655.000000	32.647404	6052	0.000000
281474976710655.000000	36.537857	6053	0.000000
281474976710655.000000	33.085930	6054	0.000000
281474976710655.000000	32.660999	6055	0.000000
281474976710655.000000	30.880602	6056	0.000000
281474976710655.000000	30.704081	6057	0.000000
281474976710655.000000	40.172348	6058	0.000000
281474976710655.000000	32.133610	6059	0.000000
281474976710655.000000	30.809345	6060	0.000000
281474976710655.000000	32.951836	6061	0.000000
281474976710655.000000	28.563599	6062	0.000000
281474976710655.000000	32.397533	6063	0.000000
281474976710655.000000	32.482029	6064	0.000000
281474976710655.000000	30.833828	6065	0.000000
281474976710655.000000	32.349247	6066	0.000000
281474976710655.000000	26.959471	6067	0.000000
281474976710655.000000	34.878929	6068	0.000000
281474976710655.000000	39.501724	6069	0.000000
281474976710655.000000	37.479916	6070	0.000000
281474976710655.000000	34.933102	6071	0.000000
281474976710655.000000	31.792738	6072	0.000000
281474976710655.000000	32.519302	6073	0.000000
281474976710655.000000	30.202925	6074	0.000000
281474976710655.000000	29.479343	6075	0.000000
281474976710655.000000	33.193790	6076	0.000000
281474976710655.000000	28.883308	6077	0.000000
281474976710655.000000	34.682976	6078	0.000000
281474976710655.000000	35.430721	6079	0.000000
281474976710655.000000	31.475271	6080	0.000000
281474976710655.000000	29.588457	6081	0.000000
281474976710655.000000	28.666647	6082	0.000000
281474976710655.000000	32.225189	6083	0.000000
281474976710655.000000	28.671843	6084	0.000000
281474976710655.000000	30.363585	6085	0.000000
281474976710655.000000	32.560600	6086	0.000000
281474976710655.000000	31.769981	6087	0.000000
281474976710655.000000	30.425318	6088	0.000000
281474976710655.000000	30.952475	6089	0.000000
281474976710655.000000	30.580933	6090	0.000000
281474976710655.000000	30.123285	6091	0.000000
281474976710655.000000	32.936485	6092	0.000000
281474976710655.000000	32.271557	6093	0.000000
281474976710655.000000	30.145222	6094	0.000000
281474976710655.000000	29.828054	6095	0.000000
281474976710655.000000	35.966824	6096	0.000000
281474976710655.000000	31.064552	6097	0.000000
281474976710655.000000	32.178272	6098	0.000000
281474976710655.000000	29.068853	6099	0.000000
281474976710655.000000	31.944450	6100	0.000000
281474976710655.000000	27.786901	6101	0.000000
281474976710655.000000	32.627243	6102	0.000000
281474976710655.000000	30.925665	6103	0.000000
281474976710655.000000	30.196684	6104	0.000000
281474976710655.000000	27.618504	6105	0.000000
281474976710655.000000	33.279011	6106	0.000000
281474976710655.000000	27.515203	6107	0.000000
281474976710655.000000	28.935966	6108	0.000000
281474976710655.000000	31.604979	6109	0.000000
281474976710655.000000	32.140411	6110	0.000000
281474976710655.000000	31.903027	6111	0.000000
281474976710655.000000	28.111671	6112	0.000000
281474976710655.000000	30.897552	6113	0.000000
281474976710655.000000	31.769209	6114	0.000000
281474976710655.000000	33.598286	6115	0.000000
281474976710655.000000	30.586880	6116	0.000000
281474976710655.000000	28.803701	6117	0.000000
281474976710655.000000	27.089058	6118	0.000000
281474976710655.000000	27.338243	6119	0.000000
281474976710655.000000	29.612099	6120	0.000000
281474976710655.000000	30.546705	6121	0.000000
281474976710655.000000	32.630909	6122	0.000000
281474976710655.000000	30.956852	6123	0.000000
281474976710655.000000	28.844975	6124	0.000000
281474976710655.000000	27.743921	6125	0.000000
281474976710655.000000	28.758200	6126	0.000000
281474976710655.000000	25.897873	6127	0.000000
281474976710655.000000	29.308439	6128	0.000000
281474976710655.000000	31.144409	6129	0.000000
281474976710655.000000	29.163387	6130	0.000000
281474976710655.000000	33.147926	6131	0.000000
281474976710655.000000	31.476566	6132	0.000000
281474976710655.000000	30.922926	6133	0.000000
281474976710655.000000	28.480766	6134	0.000000
281474976710655.000000	27.993851	6135	0.000000
281474976710655.000000	27.160172	6136	0.000000
281474976710655.000000	29.699074	6137	0.000000
281474976710655.000000	28.009716	6138	0.000000
281474976710655.000000	26.396631	6139	0.000000
281474976710655.000000	32.274815	6140	0.000000
281474976710655.000000	29.549686	6141	0.000000
281474976710655.000000	27.947586	6142	0.000000
281474976710655.000000	27.423515	6143	0.000000
281474976710655.000000	29.689707	6144	0.000000
281474976710655.000000	30.974058	6145	0.000000
281474976710655.000000	29.289936	6146	0.000000
281474976710655.000000	29.484207	6147	0.000000
281474976710655.000000	27.455082	6148	0.000000
281474976710655.000000	29.218130	6149	0.000000
281474976710655.000000	27.095890	6150	0.000000
281474976710655.000000	30.865358	6151	0.000000
281474976710655.000000	28.841644	6152	0.000000
281474976710655.000000	28.707663	6153	0.000000
281474976710655.000000	26.994625	6154	0.000000
281474976710655.000000	30.136229	6155	0.000000
281474976710655.000000	26.459751	6156	0.000000
281474976710655.000000	28.324936	6157	0.000000
281474976710655.000000	28.609695	6158	0.000000
281474976710655.000000	29.440487	6159	0.000000
281474976710655.000000	26.102936	6160	0.000000
281474976710655.000000	26.963472	6161	0.000000
281474976710655.000000	30.257145	6162	0.000000
281474976710655.000000	27.293285	6163	0.000000
281474976710655.000000	28.401409	6164	0.000000
281474976710655.000000	29.823011	6165	0.000000
281474976710655.000000	26.308464	6166	0.000000
281474976710655.000000	29.835100	6167	0.000000
281474976710655.000000	28.503521	6168	0.000000
281474976710655.000000	27.974310	6169	0.000000
281474976710655.000000	28.060038	6170	0.000000
281474976710655.000000	30.538689	6171	0.000000
281474976710655.000000	25.974760	6172	0.000000
281474976710655.000000	28.741386	6173	0.000000
281474976710655.000000	27.788227	6174	0.000000
281474976710655.000000	26.434484	6175	0.000000
281474976710655.000000	26.611931	6176	0.000000
281474976710655.000000	24.316683	6177	0.000000
281474976710655.000000	29.233423	6178	0.000000
281474976710655.000000	28.817322	6179	0.000000
281474976710655.000000	25.854492	6180	0.000000
281474976710655.000000	28.072298	6181	0.000000
281474976710655.000000	27.500214	6182	0.000000
281474976710655.000000	27.998028	6183	0.000000
281474976710655.000000	27.359329	6184	0.000000
281474976710655.000000	29.390125	6185	0.000000
281474976710655.000000	25.785444	6186	0.000000
281474976710655.000000	27.268795	6187	0.000000
281474976710655.000000	27.391462	6188	0.000000
281474976710655.000000	24.052280	6189	0.000000
281474976710655.000000	28.550955	6190	0.000000
281474976710655.000000	26.090979	6191	0.000000
281474976710655.000000	30.413811	6192	0.000000
281474976710655.000000	27.324858	6193	0.000000
281474976710655.000000	30.449293	6194	0.000000
281474976710655.000000	26.505129	6195	0.000000
281474976710655.000000	29.748905	6196	0.000000
281474976710655.000000	28.805098	6197	0.000000
281474976710655.000000	28.844500	6198	0.000000
281474976710655.000000	27.051756	6199	0.000000
281474976710655.000000	29.240730	6200	0.000000
281474976710655.000000	30.409071	6201	0.000000
281474976710655.000000	26.621145	6202	0.000000
281474976710655.000000	25.338449	6203	0.000000
281474976710655.000000	27.208128	6204	0.000000
281474976710655.000000	28.952457	6205	0.000000
281474976710655.000000	28.528545	6206	0.000000
281474976710655.000000	25.345757	6207	0.000000
281474976710655.000000	30.112177	6208	0.000000
281474976710655.000000	29.763176	6209	0.000000
281474976710655.000000	25.002565	6210	0.000000
281474976710655.000000	26.260302	6211	0.000000
281474976710655.000000	27.070784	6212	0.000000
281474976710655.000000	26.073092	6213	0.000000
281474976710655.000000	27.670212	6214	0.000000
281474976710655.000000	26.995571	6215	0.000000
281474976710655.000000	29.179897	6216	0.000000
281474976710655.000000	26.501465	6217	0.000000
281474976710655.000000	24.788843	6218	0.000000
281474976710655.000000	25.119282	6219	0.000000
281474976710655.000000	27.553982	6220	0.000000
281474976710655.000000	26.460598	6221	0.000000
281474976710655.000000	26.168146	6222	0.000000
281474976710655.000000	27.168310	6223	0.000000
281474976710655.000000	26.756845	6224	0.000000
281474976710655.000000	26.698566	6225	0.000000
281474976710655.000000	25.833138	6226	0.000000
281474976710655.000000	27.286304	6227	0.000000
281474976710655.000000	26.721149	6228	0.000000
281474976710655.000000	26.239111	6229	0.000000
281474976710655.000000	27.650820	6230	0.000000
281474976710655.000000	26.717691	6231	0.000000
281474976710655.000000	24.140291	6232	0.000000
281474976710655.000000	24.730532	6233	0.000000
281474976710655.000000	24.415182	6234	0.000000
281474976710655.000000	26.050180	6235	0.000000
281474976710655.000000	26.260992	6236	0.000000
281474976710655.000000	26.615471	6237	0.000000
281474976710655.000000	25.340002	6238	0.000000
281474976710655.000000	25.874748	6239	0.000000
281474976710655.000000	24.291002	6240	0.000000
281474976710655.000000	25.327763	6241	0.000000
281474976710655.000000	26.317968	6242	0.000000
281474976710655.000000	29.769064	6243	0.000000
281474976710655.000000	27.248055	6244	0.000000
281474976710655.000000	25.666355	6245	0.000000
281474976710655.000000	26.644373	6246	0.000000
281474976710655.000000	26.287437	6247	0.000000
281474976710655.000000	25.837875	6248	0.000000
281474976710655.000000	25.898783	6249	0.000000
281474976710655.000000	26.755262	6250	0.000000
281474976710655.000000	26.617815	6251	0.000000
281474976710655.000000	26.860310	6252	0.000000
281474976710655.000000	25.251619	6253	0.000000
281474976710655.000000	24.339384	6254	0.000000
281474976710655.000000	23.910982	6255	0.000000
281474976710655.000000	24.609161	6256	0.000000
281474976710655.000000	23.933611	6257	0.000000
281474976710655.000000	27.446960	6258	0.000000
281474976710655.000000	25.940418	6259	0.000000
281474976710655.000000	26.637772	6260	0.000000
281474976710655.000000	26.432697	6261	0.000000
281474976710655.000000	24.328777	6262	0.000000
281474976710655.000000	25.849567	6263	0.000000
281474976710655.000000	24.641560	6264	0.000000
281474976710655.000000	27.874378	6265	0.000000
281474976710655.000000	25.294151	6266	0.000000
281474976710655.000000	25.826504	6267	0.000000
281474976710655.000000	24.772127	6268	0.000000
281474976710655.000000	26.590927	6269	0.000000
281474976710655.000000	25.042212	6270	0.000000
281474976710655.000000	25.278339	6271	0.000000
281474976710655.000000	27.056030	6272	0.000000
281474976710655.000000	25.760624	6273	0.000000
281474976710655.000000	24.126993	6274	0.000000
281474976710655.000000	23.466093	6275	0.000000
281474976710655.000000	24.807808	6276	0.000000
281474976710655.000000	24.357510	6277	0.000000
281474976710655.000000	26.498610	6278	0.000000
281474976710655.000000	26.414564	6279	0.000000
281474976710655.000000	25.821774	6280	0.000000
281474976710655.000000	23.198570	6281	0.000000
281474976710655.000000	24.924849	6282	0.000000
281474976710655.000000	25.435223	6283	0.000000
281474976710655.000000	22.487188	6284	0.000000
281474976710655.000000	25.049438	6285	0.000000
281474976710655.000000	27.148108	6286	0.000000
281474976710655.000000	26.309410	6287	0.000000
281474976710655.000000	24.218203	6288	0.000000
281474976710655.000000	21.392838	6289	0.000000
281474976710655.000000	23.163429	6290	0.000000
281474976710655.000000	23.250996	6291	0.000000
281474976710655.000000	24.802887	6292	0.000000
281474976710655.000000	27.240719	6293	0.000000
281474976710655.000000	23.354168	6294	0.000000
281474976710655.000000	24.287029	6295	0.000000
281474976710655.000000	23.710014	6296	0.000000
281474976710655.000000	26.768913	6297	0.000000
281474976710655.000000	25.669533	6298	0.000000
281474976710655.000000	23.771456	6299	0.000000
281474976710655.000000	23.825567	6300	0.000000
281474976710655.000000	25.398390	6301	0.000000
281474976710655.000000	23.605501	6302	0.000000
281474976710655.000000	22.439051	6303	0.000000
281474976710655.000000	23.684938	6304	0.000000
281474976710655.000000	25.378593	6305	0.000000
281474976710655.000000	25.275150	6306	0.000000
281474976710655.000000	23.737480	6307	0.000000
281474976710655.000000	24.062113	6308	0.000000
281474976710655.000000	24.870947	6309	0.000000
281474976710655.000000	23.359589	6310	0.000000
281474976710655.000000	24.999826	6311	0.000000
281474976710655.000000	21.901566	6312	0.000000
281474976710655.000000	23.328041	6313	0.000000
281474976710655.000000	24.433128	6314	0.000000
281474976710655.000000	26.399040	6315	0.000000
281474976710655.000000	23.651222	6316	0.000000
281474976710655.000000	24.448761	6317	0.000000
281474976710655.000000	23.003752	6318	0.000000
281474976710655.000000	22.085245	6319	0.000000
281474976710655.000000	24.038696	6320	0.000000
281474976710655.000000	23.363623	6321	0.000000
281474976710655.000000	24.011034	6322	0.000000
281474976710655.000000	23.006216	6323	0.000000
281474976710655.000000	22.938553	6324	0.000000
281474976710655.000000	23.363400	6325	0.000000
281474976710655.000000	23.897087	6326	0.000000
281474976710655.000000	23.353729	6327	0.000000
281474976710655.000000	20.975801	6328	0.000000
281474976710655.000000	22.846626	6329	0.000000
281474976710655.000000	24.141329	6330	0.000000
281474976710655.000000	24.789595	6331	0.000000
281474976710655.000000	21.014791	6332	0.000000
281474976710655.000000	23.329865	6333	0.000000
281474976710655.000000	24.249304	6334	0.000000
281474976710655.000000	24.055780	6335	0.000000
281474976710655.000000	22.241533	6336	0.000000
281474976710655.000000	24.451303	6337	0.000000
281474976710655.000000	22.195015	6338	0.000000
281474976710655.000000	24.158529	6339	0.000000
281474976710655.000000	22.051929	6340	0.000000
281474976710655.000000	22.457462	6341	0.000000
281474976710655.000000	23.172489	6342	0.000000
281474976710655.000000	24.100752	6343	0.000000
281474976710655.000000	20.995623	6344	0.000000
281474976710655.000000	22.875700	6345	0.000000
281474976710655.000000	23.739498	6346	0.000000
281474976710655.000000	23.282887	6347	0.000000
281474976710655.000000	20.721189	6348	0.000000
281474976710655.000000	22.704378	6349	0.000000
281474976710655.000000	21.698614	6350	0.000000
281474976710655.000000	22.618124	6351	0.000000
281474976710655.000000	22.325237	6352	0.000000
281474976710655.000000	23.955677	6353	0.000000
281474976710655.000000	21.585394	6354	0.000000
281474976710655.000000	21.096893	6355	0.000000
281474976710655.000000	23.322084	6356	0.000000
281474976710655.000000	22.236380	6357	0.000000
281474976710655.000000	22.461735	6358	0.000000
281474976710655.000000	21.065607	6359	0.000000
281474976710655.000000	22.866518	6360	0.000000
281474976710655.000000	23.549528	6361	0.000000
281474976710655.000000	23.145397	6362	0.000000
281474976710655.000000	24.412567	6363	0.000000
281474976710655.000000	21.938955	6364	0.000000
281474976710655.000000	20.829227	6365	0.000000
281474976710655.000000	22.536674	6366	0.000000
281474976710655.000000	22.922949	6367	0.000000
281474976710655.000000	21.409664	6368	0.000000
281474976710655.000000	21.167742	6369	0.000000
281474976710655.000000	22.076723	6370	0.000000
281474976710655.000000	23.514544	6371	0.000000
281474976710655.000000	20.966038	6372	0.000000
281474976710655.000000	20.743574	6373	0.000000
281474976710655.000000	21.144859	6374	0.000000
281474976710655.000000	22.623447	6375	0.000000
281474976710655.000000	23.478367	6376	0.000000
281474976710655.000000	21.843210	6377	0.000000
281474976710655.000000	22.450573	6378	0.000000
281474976710655.000000	22.244680	6379	0.000000
281474976710655.000000	21.606457	6380	0.000000
281474976710655.000000	22.109512	6381	0.000000
281474976710655.000000	21.541422	6382	0.000000
281474976710655.000000	21.611214	6383	0.000000
281474976710655.000000	20.263376	6384	0.000000
281474976710655.000000	20.919434	6385	0.000000
281474976710655.000000	21.491919	6386	0.000000
281474976710655.000000	22.611675	6387	0.000000
281474976710655.000000	21.370197	6388	0.000000
281474976710655.000000	21.696877	6389	0.000000
281474976710655.000000	22.040506	6390	0.000000
281474976710655.000000	21.009413	6391	0.000000
281474976710655.000000	21.080669	6392	0.000000
281474976710655.000000	21.330627	6393	0.000000
281474976710655.000000	21.751421	6394	0.000000
281474976710655.000000	21.031433	6395	0.000000
281474976710655.000000	20.315346	6396	0.000000
281474976710655.000000	20.742434	6397	0.000000
281474976710655.000000	21.895338	6398	0.000000
281474976710655.000000	22.019217	6399	0.000000
281474976710655.000000	21.478304	6400	0.000000
281474976710655.000000	22.039907	6401	0.000000
281474976710655.000000	21.138453	6402	0.000000
281474976710655.000000	20.848667	6403	0.000000
281474976710655.000000	20.390776	6404	0.000000
281474976710655.000000	21.097939	6405	0.000000
281474976710655.000000	19.731071	6406	0.000000
281474976710655.000000	21.448919	6407	0.000000
281474976710655.000000	21.370344	6408	0.000000
281474976710655.000000	20.886108	6409	0.000000
281474976710655.000000	20.969471	6410	0.000000
281474976710655.000000	21.627954	6411	0.000000
281474976710655.000000	21.028069	6412	0.000000
281474976710655.000000	21.270636	6413	0.000000
281474976710655.000000	21.375101	6414	0.000000
281474976710655.000000	20.178947	6415	0.000000
281474976710655.000000	19.956297	6416	0.000000
281474976710655.000000	21.414404	6417	0.000000
281474976710655.000000	20.988222	6418	0.000000
281474976710655.000000	21.481485	6419	0.000000
281474976710655.000000	20.981602	6420	0.000000
281474976710655.000000	21.446623	6421	0.000000
281474976710655.000000	22.199863	6422	0.000000
281474976710655.000000	20.458639	6423	0.000000
281474976710655.000000	20.865614	6424	0.000000
281474976710655.000000	20.813242	6425	0.000000
281474976710655.000000	19.603737	6426	0.000000
281474976710655.000000	21.046263	6427	0.000000
281474976710655.000000	20.267292	6428	0.000000
281474976710655.000000	20.683678	6429	0.000000
281474976710655.000000	19.132547	6430	0.000000
281474976710655.000000	20.505533	6431	0.000000
281474976710655.000000	20.706703	6432	0.000000
281474976710655.000000	20.839378	6433	0.000000
281474976710655.000000	19.688580	6434	0.000000
281474976710655.000000	19.919294	6435	0.000000
281474976710655.000000	20.681795	6436	0.000000
281474976710655.000000	20.107567	6437	0.000000
281474976710655.000000	19.515095	6438	0.000000
281474976710655.000000	19.746450	6439	0.000000
281474976710655.000000	19.772011	6440	0.000000
281474976710655.000000	20.232067	6441	0.000000
281474976710655.000000	20.506996	6442	0.000000
281474976710655.000000	20.479296	6443	0.000000
281474976710655.000000	20.082878	6444	0.000000
281474976710655.000000	21.121696	6445	0.000000
281474976710655.000000	19.101551	6446	0.000000
281474976710655.000000	20.182117	6447	0.000000
281474976710655.000000	20.505711	6448	0.000000
281474976710655.000000	19.983532	6449	0.000000
281474976710655.000000	19.834145	6450	0.000000
281474976710655.000000	20.565863	6451	0.000000
281474976710655.000000	20.515057	6452	0.000000
281474976710655.000000	18.157579	6453	0.000000
281474976710655.000000	20.209610	6454	0.000000
281474976710655.000000	18.762800	6455	0.000000
281474976710655.000000	19.433004	6456	0.000000
281474976710655.000000	19.939180	6457	0.000000
281474976710655.000000	18.854961	6458	0.000000
281474976710655.000000	19.905680	6459	0.000000
281474976710655.000000	19.254351	6460	0.000000
281474976710655.000000	18.955299	6461	0.000000
281474976710655.000000	19.793243	6462	0.000000
281474976710655.000000	19.877031	6463	0.000000
281474976710655.000000	19.389093	6464	0.000000
281474976710655.000000	19.519207	6465	0.000000
281474976710655.000000	19.082418	6466	0.000000
281474976710655.000000	19.492941	6467	0.000000
281474976710655.000000	19.037510	6468	0.000000
281474976710655.000000	20.092356	6469	0.000000
281474976710655.000000	18.862692	6470	0.000000
281474976710655.000000	19.115118	6471	0.000000
281474976710655.000000	19.199318	6472	0.000000
281474976710655.000000	19.809198	6473	0.000000
281474976710655.000000	19.848757	6474	0.000000
281474976710655.000000	19.164078	6475	0.000000
281474976710655.000000	19.307877	6476	0.000000
281474976710655.000000	19.188971	6477	0.000000
281474976710655.000000	19.248951	6478	0.000000
281474976710655.000000	19.451942	6479	0.000000
281474976710655.000000	18.899567	6480	0.000000
281474976710655.000000	19.307949	6481	0.000000
281474976710655.000000	18.786772	6482	0.000000
281474976710655.000000	19.487057	6483	0.000000
281474976710655.000000	19.540489	6484	0.000000
281474976710655.000000	19.019711	6485	0.000000
281474976710655.000000	19.314041	6486	0.000000
281474976710655.000000	19.669827	6487	0.000000
281474976710655.000000	18.260168	6488	0.000000
281474976710655.000000	18.255150	6489	0.000000
281474976710655.000000	18.912949	6490	0.000000
281474976710655.000000	18.822201	6491	0.000000
281474976710655.000000	18.719900	6492	0.000000
281474976710655.000000	18.822609	6493	0.000000
281474976710655.000000	18.760561	6494	0.000000
281474976710655.000000	18.918041	6495	0.000000
281474976710655.000000	18.116068	6496	0.000000
281474976710655.000000	19.143555	6497	0.000000
281474976710655.000000	18.404028	6498	0.000000
281474976710655.000000	18.996124	6499	0.000000
281474976710655.000000	19.011232	6500	0.000000
281474976710655.000000	18.804417	6501	0.000000
281474976710655.000000	18.746845	6502	0.000000
281474976710655.000000	17.983486	6503	0.000000
281474976710655.000000	18.592316	6504	0.000000
281474976710655.000000	18.422411	6505	0.000000
281474976710655.000000	18.361420	6506	0.000000
281474976710655.000000	18.588245	6507	0.000000
281474976710655.000000	18.438898	6508	0.000000
281474976710655.000000	16.907736	6509	0.000000
281474976710655.000000	18.274103	6510	0.000000
281474976710655.000000	18.198547	6511	0.000000
281474976710655.000000	17.950663	6512	0.000000
281474976710655.000000	18.557121	6513	0.000000
281474976710655.000000	18.007998	6514	0.000000
281474976710655.000000	18.856483	6515	0.000000
281474976710655.000000	18.746439	6516	0.000000
281474976710655.000000	18.346397	6517	0.000000
281474976710655.000000	17.994867	6518	0.000000
281474976710655.000000	16.920988	6519	0.000000
281474976710655.000000	18.114410	6520	0.000000
281474976710655.000000	18.250034	6521	0.000000
281474976710655.000000	18.035940	6522	0.000000
281474976710655.000000	18.836077	6523	0.000000
281474976710655.000000	17.962034	6524	0.000000
281474976710655.000000	18.322531	6525	0.000000
281474976710655.000000	17.683290	6526	0.000000
281474976710655.000000	17.731316	6527	0.000000
281474976710655.000000	17.739389	6528	0.000000
281474976710655.000000	17.353628	6529	0.000000
281474976710655.000000	17.982227	6530	0.000000
281474976710655.000000	17.613781	6531	0.000000
281474976710655.000000	17.108747	6532	0.000000
281474976710655.000000	17.489580	6533	0.000000
281474976710655.000000	17.556391	6534	0.000000
281474976710655.000000	17.882345	6535	0.000000
281474976710655.000000	17.356234	6536	0.000000
281474976710655.000000	17.630909	6537	0.000000
281474976710655.000000	17.497955	6538	0.000000
281474976710655.000000	17.774702	6539	0.000000
281474976710655.000000	17.755083	6540	0.000000
281474976710655.000000	17.984455	6541	0.000000
281474976710655.000000	17.560438	6542	0.000000
281474976710655.000000	17.661678	6543	0.000000
281474976710655.000000	17.651377	6544	0.000000
281474976710655.000000	17.094202	6545	0.000000
281474976710655.000000	17.471893	6546	0.000000
281474976710655.000000	17.548994	6547	0.000000
281474976710655.000000	17.398708	6548	0.000000
281474976710655.000000	17.204035	6549	0.000000
281474976710655.000000	17.221842	6550	0.000000
281474976710655.000000	17.420479	6551	0.000000
281474976710655.000000	17.087185	6552	0.000000
281474976710655.000000	17.976763	6553	0.000000
281474976710655.000000	17.291162	6554	0.000000
281474976710655.000000	17.779264	6555	0.000000
281474976710655.000000	17.188089	6556	0.000000
281474976710655.000000	16.984209	6557	0.000000
281474976710655.000000	17.057371	6558	0.000000
281474976710655.000000	17.418213	6559	0.000000
281474976710655.000000	16.866518	6560	0.000000
281474976710655.000000	17.395966	6561	0.000000
281474976710655.000000	17.260860	6562	0.000000
281474976710655.000000	17.710176	6563	0.000000
281474976710655.000000	16.704298	6564	0.000000
281474976710655.000000	16.725914	6565	0.000000
281474976710655.000000	17.040417	6566	0.000000
281474976710655.000000	17.244385	6567	0.000000
281474976710655.000000	16.968531	6568	0.000000
281474976710655.000000	17.042953	6569	0.000000
281474976710655.000000	16.382935	6570	0.000000
281474976710655.000000	17.365711	6571	0.000000
281474976710655.000000	17.109617	6572	0.000000
281474976710655.000000	16.870260	6573	0.000000
281474976710655.000000	16.890060	6574	0.000000
281474976710655.000000	16.781610	6575	0.000000
281474976710655.000000	16.905350	6576	0.000000
281474976710655.000000	17.380157	6577	0.000000
281474976710655.000000	17.183662	6578	0.000000
281474976710655.000000	16.438560	6579	0.000000
281474976710655.000000	16.435493	6580	0.000000
281474976710655.000000	17.100861	6581	0.000000
281474976710655.000000	16.483047	6582	0.000000
281474976710655.000000	16.620878	6583	0.000000
281474976710655.000000	16.699492	6584	0.000000
281474976710655.000000	16.466343	6585	0.000000
281474976710655.000000	17.004644	6586	0.000000
281474976710655.000000	16.797729	6587	0.000000
281474976710655.000000	16.643141	6588	0.000000
281474976710655.000000	16.638683	6589	0.000000
281474976710655.000000	16.994659	6590	0.000000
281474976710655.000000	16.599699	6591	0.000000
281474976710655.000000	16.505995	6592	0.000000
281474976710655.000000	16.412821	6593	0.000000
281474976710655.000000	15.911939	6594	0.000000
281474976710655.000000	16.863955	6595	0.000000
281474976710655.000000	16.351402	6596	0.000000
281474976710655.000000	16.464054	6597	0.000000
281474976710655.000000	16.475729	6598	0.000000
281474976710655.000000	16.893450	6599	0.000000
281474976710655.000000	16.060570	6600	0.000000
281474976710655.000000	16.514730	6601	0.000000
281474976710655.000000	16.202244	6602	0.000000
281474976710655.000000	16.514063	6603	0.000000
281474976710655.000000	16.258747	6604	0.000000
281474976710655.000000	16.341345	6605	0.000000
281474976710655.000000	16.171059	6606	0.000000
281474976710655.000000	16.214939	6607	0.000000
281474976710655.000000	16.141203	6608	0.000000
281474976710655.000000	16.237034	6609	0.000000
281474976710655.000000	15.944445	6610	0.000000
281474976710655.000000	16.712944	6611	0.000000
281474976710655.000000	16.701061	6612	0.000000
281474976710655.000000	16.141710	6613	0.000000
281474976710655.000000	15.623021	6614	0.000000
281474976710655.000000	15.780509	6615	0.000000
281474976710655.000000	16.251303	6616	0.000000
281474976710655.000000	16.175871	6617	0.000000
281474976710655.000000	16.368231	6618	0.000000
281474976710655.000000	16.172884	6619	0.000000
281474976710655.000000	15.986287	6620	0.000000
281474976710655.000000	15.980868	6621	0.000000
281474976710655.000000	15.654013	6622	0.000000
281474976710655.000000	15.673127	6623	0.000000
281474976710655.000000	15.781960	6624	0.000000
281474976710655.000000	16.235538	6625	0.000000
281474976710655.000000	15.724494	6626	0.000000
281474976710655.000000	15.514398	6627	0.000000
281474976710655.000000	15.603155	6628	0.000000
281474976710655.000000	16.094238	6629	0.000000
281474976710655.000000	15.940626	6630	0.000000
281474976710655.000000	15.719282	6631	0.000000
281474976710655.000000	15.161966	6632	0.000000
281474976710655.000000	15.768265	6633	0.000000
281474976710655.000000	15.602772	6634	0.000000
281474976710655.000000	15.942944	6635	0.000000
281474976710655.000000	15.639332	6636	0.000000
281474976710655.000000	15.765391	6637	0.000000
281474976710655.000000	15.598371	6638	0.000000
281474976710655.000000	15.480546	6639	0.000000
281474976710655.000000	15.774083	6640	0.000000
281474976710655.000000	15.487294	6641	0.000000
281474976710655.000000	15.268936	6642	0.000000
281474976710655.000000	15.478436	6643	0.000000
281474976710655.000000	15.429742	6644	0.000000
281474976710655.000000	15.747754	6645	0.000000
281474976710655.000000	15.041739	6646	0.000000
281474976710655.000000	15.064477	6647	0.000000
281474976710655.000000	15.107460	6648	0.000000
281474976710655.000000	15.310309	6649	0.000000
281474976710655.000000	15.264395	6650	0.000000
281474976710655.000000	15.146539	6651	0.000000
281474976710655.000000	15.226354	6652	0.000000
281474976710655.000000	15.125320	6653	0.000000
281474976710655.000000	14.943079	6654	0.000000
281474976710655.000000	15.588619	6655	0.000000
281474976710655.000000	15.642890	6656	0.000000
281474976710655.000000	15.500161	6657	0.000000
281474976710655.000000	14.755356	6658	0.000000
281474976710655.000000	15.382165	6659	0.000000
281474976710655.000000	14.900480	6660	0.000000
281474976710655.000000	14.864923	6661	0.000000
281474976710655.000000	14.786125	6662	0.000000
281474976710655.000000	15.150112	6663	0.000000
281474976710655.000000	14.916761	6664	0.000000
281474976710655.000000	14.750187	6665	0.000000
281474976710655.000000	14.727071	6666	0.000000
281474976710655.000000	15.542426	6667	0.000000
281474976710655.000000	15.232595	6668	0.000000
281474976710655.000000	15.299312	6669	0.000000
281474976710655.000000	15.080838	6670	0.000000
281474976710655.000000	15.216925	6671	0.000000
281474976710655.000000	14.869914	6672	0.000000
281474976710655.000000	14.718566	6673	0.000000
281474976710655.000000	14.966043	6674	0.000000
281474976710655.000000	14.692242	6675	0.000000
281474976710655.000000	14.914792	6676	0.000000
281474976710655.000000	14.883035	6677	0.000000
281474976710655.000000	15.293128	6678	0.000000
281474976710655.000000	14.649673	6679	0.000000
281474976710655.000000	14.752477	6680	0.000000
281474976710655.000000	15.045667	6681	0.000000
281474976710655.000000	14.650761	6682	0.000000
281474976710655.000000	14.231675	6683	0.000000
281474976710655.000000	14.554543	6684	0.000000
281474976710655.000000	15.051737	6685	0.000000
281474976710655.000000	15.054289	6686	0.000000
281474976710655.000000	14.852725	6687	0.000000
281474976710655.000000	14.354391	6688	0.000000
281474976710655.000000	15.409979	6689	0.000000
281474976710655.000000	14.678882	6690	0.000000
281474976710655.000000	14.359255	6691	0.000000
281474976710655.000000	14.527846	6692	0.000000
281474976710655.000000	14.939835	6693	0.000000
281474976710655.000000	15.044086	6694	0.000000
281474976710655.000000	14.794866	6695	0.000000
281474976710655.000000	14.374887	6696	0.000000
281474976710655.000000	15.045602	6697	0.000000
281474976710655.000000	13.772338	6698	0.000000
281474976710655.000000	14.279803	6699	0.000000
281474976710655.000000	14.483601	6700	0.000000
281474976710655.000000	14.382638	6701	0.000000
281474976710655.000000	14.140053	6702	0.000000
281474976710655.000000	14.278934	6703	0.000000
281474976710655.000000	14.271398	6704	0.000000
281474976710655.000000	14.246825	6705	0.000000
281474976710655.000000	14.327814	6706	0.000000
281474976710655.000000	14.223975	6707	0.000000
281474976710655.000000	14.485715	6708	0.000000
281474976710655.000000	14.107866	6709	0.000000
281474976710655.000000	14.458801	6710	0.000000
281474976710655.000000	14.477092	6711	0.000000
281474976710655.000000	14.147892	6712	0.000000
281474976710655.000000	14.420654	6713	0.000000
281474976710655.000000	14.394156	6714	0.000000
281474976710655.000000	14.304253	6715	0.000000
281474976710655.000000	14.047132	6716	0.000000
281474976710655.000000	14.058067	6717	0.000000
281474976710655.000000	14.103075	6718	0.000000
281474976710655.000000	13.999906	6719	0.000000
281474976710655.000000	14.074882	6720	0.000000
281474976710655.000000	14.512102	6721	0.000000
281474976710655.000000	13.728189	6722	0.000000
281474976710655.000000	14.021885	6723	0.000000
281474976710655.000000	14.258087	6724	0.000000
281474976710655.000000	13.883201	6725	0.000000
281474976710655.000000	13.989916	6726	0.000000
281474976710655.000000	14.080183	6727	0.000000
281474976710655.000000	13.851645	6728	0.000000
281474976710655.000000	13.921089	6729	0.000000
281474976710655.000000	14.478015	6730	0.000000
281474976710655.000000	14.339892	6731	0.000000
281474976710655.000000	13.888227	6732	0.000000
281474976710655.000000	13.810060	6733	0.000000
281474976710655.000000	13.949182	6734	0.000000
281474976710655.000000	13.753018	6735	0.000000
281474976710655.000000	13.911068	6736	0.000000
281474976710655.000000	14.126212	6737	0.000000
281474976710655.000000	13.747928	6738	0.000000
281474976710655.000000	14.282323	6739	0.000000
281474976710655.000000	13.735990	6740	0.000000
281474976710655.000000	14.041502	6741	0.000000
281474976710655.000000	13.426707	6742	0.000000
281474976710655.000000	13.385742	6743	0.000000
281474976710655.000000	13.818795	6744	0.000000
281474976710655.000000	13.826780	6745	0.000000
281474976710655.000000	13.720079	6746	0.000000
281474976710655.000000	13.547462	6747	0.000000
281474976710655.000000	13.486374	6748	0.000000
281474976710655.000000	13.755742	6749	0.000000
281474976710655.000000	13.685005	6750	0.000000
281474976710655.000000	13.784876	6751	0.000000
281474976710655.000000	13.640228	6752	0.000000
281474976710655.000000	13.421396	6753	0.000000
281474976710655.000000	13.570018	6754	0.000000
281474976710655.000000	13.614688	6755	0.000000
281474976710655.000000	13.668620	6756	0.000000
281474976710655.000000	13.332323	6757	0.000000
281474976710655.000000	13.432000	6758	0.000000
281474976710655.000000	13.403166	6759	0.000000
281474976710655.000000	13.308311	6760	0.000000
281474976710655.000000	13.645880	6761	0.000000
281474976710655.000000	13.362793	6762	0.000000
281474976710655.000000	13.123708	6763	0.000000
281474976710655.000000	13.287091	6764	0.000000
281474976710655.000000	13.505851	6765	0.000000
281474976710655.000000	13.357650	6766	0.000000
281474976710655.000000	13.420328	6767	0.000000
281474976710655.000000	13.388790	6768	0.000000
281474976710655.000000	13.485738	6769	0.000000
281474976710655.000000	12.966743	6770	0.000000
281474976710655.000000	13.411379	6771	0.000000
